2784 480 64 64 1 1
2720 544 64 64 1 1
2848 544 64 64 1 1
2656 608 64 64 1 1
2912 608 64 64 1 1
2592 672 64 64 1 1
2976 672 64 64 1 1
2528 736 64 64 1 1
3040 736 64 64 1 1
2464 800 64 64 1 1
3104 800 64 64 1 1
2400 864 64 64 1 1
3168 864 64 64 1 1
2336 928 64 64 1 1
3232 928 64 64 1 1
2272 992 64 64 1 1
3296 992 64 64 1 1
2208 1056 64 64 1 1
2272 1056 64 64 1 1
2336 1056 64 64 1 1
2400 1056 64 64 1 1
2464 1056 64 64 1 1
2528 1056 64 64 1 1
2592 1056 64 64 1 1
2656 1056 64 64 1 1
2912 1056 64 64 1 1
2976 1056 64 64 1 1
3040 1056 64 64 1 1
3104 1056 64 64 1 1
3168 1056 64 64 1 1
3232 1056 64 64 1 1
3296 1056 64 64 1 1
3360 1056 64 64 1 1
2208 1120 64 64 1 1
3360 1120 64 64 1 1
3360 1184 64 64 1 1
3360 1248 64 64 1 1
2208 1312 64 64 1 1
3360 1312 64 64 1 1
2208 1376 64 64 1 1
3360 1376 64 64 1 1
2208 1440 64 64 1 1
2208 1504 64 64 1 1
2208 1568 64 64 1 1
2208 1632 64 64 1 1
2272 1632 64 64 1 1
2336 1632 64 64 1 1
2400 1632 64 64 1 1
2464 1632 64 64 1 1
2528 1632 64 64 1 1
2592 1632 64 64 1 1
2656 1632 64 64 1 1
2720 1632 64 64 1 1
2784 1632 64 64 1 1
2848 1632 64 64 1 1
2912 1632 64 64 1 1
2976 1632 64 64 1 1
3040 1632 64 64 1 1
3104 1632 64 64 1 1
3168 1632 64 64 1 1
3232 1632 64 64 1 1
3296 1632 64 64 1 1
3360 1632 64 64 1 1
3424 1632 64 64 1 1
3488 1632 64 64 1 1
3552 1632 64 64 1 1
3616 1632 64 64 1 1
3680 1632 64 64 1 1
3744 1632 64 64 1 1
3808 1632 64 64 1 1
3872 1632 64 64 1 1
3936 1632 64 64 1 1
4000 1632 64 64 1 1
4064 1632 64 64 1 1
2208 1696 64 64 1 1
2464 1696 64 64 1 1
2592 1696 64 64 1 1
2720 1696 64 64 1 1
2976 1696 64 64 1 1
3104 1696 64 64 1 1
3360 1696 64 64 1 1
2208 1760 64 64 1 1
2400 1760 64 64 1 1
2528 1760 64 64 1 1
2656 1760 64 64 1 1
2848 1760 64 64 1 1
3040 1760 64 64 1 1
3168 1760 64 64 1 1
3360 1760 64 64 1 1
2208 1824 64 64 1 1
2336 1824 64 64 1 1
2464 1824 64 64 1 1
2592 1824 64 64 1 1
2720 1824 64 64 1 1
2976 1824 64 64 1 1
3104 1824 64 64 1 1
3232 1824 64 64 1 1
3360 1824 64 64 1 1
2208 1888 64 64 1 1
2272 1888 64 64 1 1
2528 1888 64 64 1 1
2592 1888 64 64 1 1
2656 1888 64 64 1 1
2720 1888 64 64 1 1
2784 1888 64 64 1 1
2848 1888 64 64 1 1
2912 1888 64 64 1 1
2976 1888 64 64 1 1
3040 1888 64 64 1 1
3296 1888 64 64 1 1
3360 1888 64 64 1 1
